1 10 100
1400835046 1399648548 4 1 0 
2061381412 2061381345 5 1 0 
2521196178 2521196176 5 1 0 
276373079 276373078 25 1 0 
207408574 250123945 7 1 0 
3267078241 3267078240 38 1 0 
1370254698 1370254720 64 1 0 
1400665940 1400665939 17 1 0 
683550201 683550203 24 1 0 
1337168218 1337168368 154 1 0 
1495650250 977774129 41 1 0 
2784596392 2784596393 4 1 0 
2936059229 2936059233 8 1 0 
1399648535 267387521 9 1 0 
1326661239 1326661237 13 1 0 
1394714337 1394714339 4 1 0 
1370097055 1370097078 22 1 0 
1400719859 1400719852 21 1 0 
1334676195 1334676197 15 1 0 
277136752 249781911 5 1 0 
3313334723 3313334720 11 1 0 
130364741 2528360815 10 1 0 
1495630913 1495630906 14 1 0 
1399606991 1399607040 14 1 0 
1403150157 1349205391 3 1 0 
1326939374 343560720 6 1 0 
1495650227 1495650256 15 1 0 
1532838620 196219962 4 1 0 
2940582687 130411025 35 1 0 
2529139487 2529139482 6 1 0 
2925941187 1319470429 5 1 0 
1399623556 1399623562 43 1 0 
1399666566 1399666565 69 1 0 
1499371535 1402222869 10 1 0 
1403219983 1399623544 38 1 0 
1400712806 1400712751 22 1 0 
1495663535 1495663521 7 1 0 
602043591 602057657 16 1 0 
974490978 1495580010 21 1 0 
2762948603 1403338115 4 1 0 
1399572742 2159927575 3 1 0 
2762948556 1399629055 25 1 0 
1499409286 1278197396 28 1 0 
1357163052 3214194743 40 1 0 
1337637876 1337637880 87 1 0 
3045043345 26754845 169 1 0 
26755461 392479640 56 1 0 
2930878357 2930878362 7 1 0 
1399629073 1399629045 15 1 0 
1334676245 1334676238 3 1 0 
3189987790 266610852 6 1 0 
1399623554 1399623570 103 1 0 
1336795815 267389244 46 1 0 
1492869741 1492869768 4 1 0 
343569904 2529139451 55 1 0 
2936059097 2936059096 5 1 0 
2969170190 2969170189 30 1 0 
2518544418 1403250873 9 1 0 
1491739288 1491739322 2 1 0 
2936059012 2936059018 19 1 0 
1403150160 2527928707 2 1 0 
1399607016 2762948590 5 1 0 
1357163106 1357163144 36 1 0 
1234556468 1234556424 6 1 0 
1325771835 294477202 11 1 0 
373248209 373248198 63 1 0 
2186299183 2186299190 9 1 0 
2936059275 2936059272 13 1 0 
1326527558 269773343 3 1 0 
2936058862 2936058863 9 1 0 
2343333891 976531488 2 1 0 
2521113287 2521113286 7 1 0 
2165464521 2165464503 10 1 0 
1357163036 1357163049 37 1 0 
1326661430 1326661471 3 1 0 
974490991 1349200451 2 1 0 
1349124976 351134599 8 1 0 
1326661538 1326661340 106 1 0 
267375702 277136077 21 1 0 
130364741 2528360815 10 1 0 
1400881649 1256491374 40 1 0 
249428924 1234560083 13 1 0 
1399671320 1399671317 13 1 0 
2935144383 2935130765 389 1 0 
1532834808 2924567349 2 1 0 
1491973709 1491973710 11 1 0 
2763009459 1326661349 4 1 0 
1495580004 317185593 8 1 0 
1349166426 1349166422 3 1 0 
1369713307 1369713370 5 1 0 
1402147471 1402147470 2 1 0 
309275317 309275155 23 1 0 
265482811 265482810 35 1 0 
342304227 342304225 15 1 0 
1326527548 1326527575 81 1 0 
1334676174 1334676246 16 1 0 
1324082040 1324081948 14 1 0 
248947746 248947673 16 1 0 
1325305218 1325305204 2 1 0 
1357162992 1492882527 25 1 0 
